-259.44 -16.744 -798.192
-391.644 -25.3 -768.292
-448.316 49.404 -669.208
-565.984 85.468 -587.328
-561.568 145.636 -475.64
-492.384 120.152 -385.94
-404.432 78.016 -381.064
-367.816 4.6 -445.648
-371.496 -0.552 -468.372
-390.54 -12.604 -475.548
-440.036 19.688 -442.98
-487.692 13.524 -412.252
-538.016 5.52 -322.644
-545.008 -29.532 -218.132
-497.904 -53.544 -93.472
-326.968 -68.54 17.296
-109.848 -82.616 5.796
67.528 -79.488 -97.152
144.716 -74.98 -257.232
158.24 -36.34 -392.564
148.396 7.544 -497.996
72.22 27.692 -619.16
-76.176 17.572 -680.156
-225.124 3.312 -687.332
-350.244 -14.996 -635.076
-399.188 -24.656 -542.616
-417.68 -87.768 -487.14
-415.748 -150.512 -433.78
-284.924 -10.58 -856.796
-424.856 -0.736 -826.436
-545.652 17.112 -713.368
-623.208 11.868 -546.112
-604.992 59.064 -349.14
-475.548 35.236 -239.108
-329.728 17.848 -283.544
-279.772 -17.112 -423.2
-326.968 -47.104 -505.264
-424.764 -32.108 -505.724
-463.496 -9.476 -427.708
-477.756 -23.92 -381.156
-516.856 -21.804 -315.928
-527.804 -68.08 -210.036
-490.636 -100.464 -52.716
-309.948 -148.304 76.728
-89.608 -167.348 57.96
67.344 -139.564 -62.836
129.812 -85.744 -218.684
133.308 -23.276 -342.332
128.432 17.664 -437.092
113.344 58.512 -596.344
-23.736 44.896 -721.832
-213.44 40.48 -711.896
-304.704 5.612 -653.844
-366.252 -38.18 -543.628
-374.072 -67.344 -477.296
-375.82 -133.492 -421.82
-278.392 118.588 -810.52
-407.376 93.196 -790.096
-539.028 37.628 -703.616
-617.872 26.404 -545.652
-577.76 -56.12 -400.016
-478.4 -98.992 -318.872
-346.288 -96.968 -295.044
-274.804 -41.308 -406.088
-340.4 -7.912 -470.856
-424.304 -31.096 -458.804
-462.944 -41.216 -395.784
-477.572 -41.952 -334.788
-491.004 -80.04 -273.332
-485.76 -121.624 -175.444
-431.848 -179.308 -82.524
-254.104 -259.716 -28.428
-111.78 -259.072 -75.44
4.876 -218.96 -148.212
58.236 -159.252 -230.828
68.632 -101.844 -312.064
78.66 -48.024 -383.456
51.428 21.344 -491.464
-41.216 80.96 -563.592
-173.88 79.764 -584.2
-249.872 38.272 -568.928
-313.076 -24.748 -503.608
-301.852 -90.436 -463.22
-293.296 -148.304 -432.4
-246.468 169.924 -707.94
-377.108 122.268 -732.136
-488.98 61.272 -660.744
-556.968 14.168 -550.988
-523.756 -59.156 -442.152
-460.92 -65.136 -380.236
-364.412 -83.812 -355.396
-301.3 -61.824 -415.564
-342.424 -21.252 -472.788
-418.876 -39.192 -458.16
-435.804 -55.384 -407.284
-454.388 -80.684 -344.356
-447.488 -133.584 -297.62
-429.64 -163.852 -222.364
-350.612 -226.78 -170.2
-243.156 -253 -145.544
-134.872 -247.02 -170.752
-51.06 -220.708 -225.216
0.184 -182.068 -284.648
11.132 -134.228 -339.48
9.752 -88.228 -392.104
-11.408 -49.956 -439.3
-72.496 -7.544 -483.644
-156.4 4.508 -509.128
-209.668 -14.996 -496.708
-241.868 -51.06 -470.12
-237.544 -105.8 -442.796
-225.86 -149.04 -415.288
-202.768 167.532 -625.784
-291.456 116.656 -662.676
-417.588 49.22 -644.92
-496.524 -14.26 -556.324
-517.04 -56.12 -469.844
-456.964 -69.276 -392.932
-382.812 -62.376 -373.98
-342.516 -33.856 -431.296
-360.364 13.156 -462.208
-407.192 -14.628 -422.924
-418.324 -43.792 -380.88
-420.624 -73.6 -346.104
-396.796 -141.128 -316.572
-374.44 -174.708 -267.076
-323.748 -192.648 -232.392
-231.38 -226.964 -209.024
-157.044 -217.304 -220.708
-79.028 -206.724 -266.616
-50.14 -182.804 -319.056
-24.472 -152.076 -360.916
-23.736 -111.32 -405.444
-49.128 -74.98 -451.536
-91.356 -46.736 -479.228
-150.328 -41.676 -489.9
-178.756 -51.52 -475.824
-194.672 -80.132 -463.68
-192.832 -115.184 -469.016
-171.028 -130.916 -423.384
-95.22 162.84 -484.748
-208.748 106.076 -589.26
-345.644 61.548 -626.52
-456.32 52.44 -577.024
-496.432 -12.788 -495.604
-484.012 -37.812 -415.748
-421.82 -17.572 -360.088
-366.436 9.844 -361.192
-365.056 22.264 -352.452
-365.516 -23.644 -343.344
-360.456 -65.872 -341.596
-364.596 -96.048 -333.868
-368.552 -106.076 -316.94
-345.184 -162.656 -286.212
-295.596 -194.396 -256.68
-224.848 -210.036 -237.912
-136.896 -208.748 -251.62
-92.184 -193.752 -295.044
-59.432 -180.136 -354.384
-64.584 -150.788 -394.68
-66.516 -126.868 -427.248
-85.836 -89.516 -458.344
-128.892 -58.88 -473.064
-143.612 -56.028 -475.548
-165.416 -56.212 -474.996
-168.636 -73.6 -473.34
-179.952 -83.168 -461.472
-167.256 -87.124 -439.944
-56.488 16.928 -453.836
-177.284 41.676 -551.816
-300.288 30.176 -579.232
-414.828 8.004 -552.184
-491.28 -21.436 -465.336
-489.992 -51.52 -346.288
-420.072 -58.788 -274.528
-363.952 -39.192 -281.06
-341.964 -42.688 -300.564
-342.7 -72.312 -305.716
-329.452 -104.972 -311.604
-323.012 -126.224 -313.536
-322.736 -142.324 -311.88
-304.888 -178.94 -297.436
-275.54 -202.768 -275.816
-231.932 -213.808 -262.108
-176.364 -208.288 -277.748
-112.608 -194.12 -319.148
-90.252 -164.588 -370.484
-86.112 -130.456 -416.484
-114.448 -105.892 -432.4
-128.432 -69.92 -443.164
-150.052 -45.724 -445.096
-157.044 -31.004 -447.396
-150.512 -42.504 -455.124
-151.34 -49.956 -473.248
-168.084 -63.296 -470.396
-167.164 -59.984 -461.84
-60.628 -34.776 -438.472
-177.376 -30.268 -519.064
-282.532 -18.86 -538.2
-394.496 -52.532 -524.4
-462.76 -101.66 -462.024
-466.256 -134.412 -366.16
-414.46 -159.804 -323.104
-362.48 -155.388 -319.792
-342.056 -137.632 -320.068
-333.684 -135.056 -320.528
-322.368 -149.316 -318.136
-300.932 -166.428 -319.056
-279.312 -186.76 -329.912
-269.744 -218.132 -331.844
-260.176 -233.128 -325.496
-230.184 -230.276 -309.58
-184.92 -212.52 -310.96
-150.972 -193.2 -338.468
-138.184 -148.396 -379.592
-122.084 -120.612 -410.228
-138.184 -101.292 -425.96
-157.228 -77.464 -432.4
-162.748 -43.7 -422.832
-166.336 -27.508 -437.828
-155.572 -32.752 -419.704
-147.568 -29.716 -444.728
-161.92 -44.62 -465.796
-176.732 -43.056 -465.52
-62.284 -154.56 -464.6
-178.94 -149.408 -557.704
-286.672 -127.42 -584.476
-387.872 -128.156 -562.396
-454.756 -108.192 -494.132
-432.492 -141.956 -425.316
-395.6 -142.784 -380.512
-356.592 -151.34 -367.356
-342.792 -139.84 -355.212
-337.64 -145.912 -347.3
-294.4 -185.012 -332.212
-272.964 -202.952 -328.9
-242.42 -205.068 -348.404
-235.428 -219.972 -363.032
-237.544 -224.296 -378.58
-247.48 -217.028 -365.516
-221.168 -204.7 -354.384
-180.504 -177.928 -362.848
-167.624 -142.784 -376.004
-151.524 -121.808 -395.6
-163.024 -96.968 -407.652
-167.164 -90.528 -412.804
-195.592 -66.884 -393.76
-191.636 -58.328 -377.752
-158.516 -59.34 -385.572
-151.248 -48.484 -406.824
-150.604 -34.224 -444.268
-172.224 -34.96 -465.336
-78.66 -219.604 -590.824
-127.236 -205.252 -751.824
-319.148 -177.744 -831.22
-497.996 -139.748 -689.172
-479.504 -114.908 -530.748
-435.62 -116.748 -420.624
-379.868 -140.944 -377.752
-336.352 -148.488 -370.208
-323.564 -169.924 -355.396
-295.872 -208.012 -348.588
-277.564 -239.2 -348.772
-260.268 -250.792 -354.292
-248.952 -250.792 -353.004
-233.22 -242.512 -369.38
-239.108 -223.468 -396.52
-250.884 -213.716 -391.552
-252.724 -196.42 -379.224
-219.144 -160.908 -371.496
-184.092 -156.216 -379.408
-181.148 -128.248 -389.252
-175.72 -110.768 -397.072
-188.324 -96.232 -401.58
-199.364 -80.04 -396.428
-185.472 -95.404 -393.3
-173.42 -84.64 -399.004
-160.724 -74.244 -418.14
-165.968 -44.436 -448.316
-191.176 -9.844 -464.048
-133.308 4.508 -629.188
-214.728 87.86 -672.704
-320.436 120.52 -637.008
-434.516 43.7 -563.684
-466.44 -83.996 -465.152
-404.248 -142.048 -389.344
-350.704 -189.888 -359.26
-308.568 -207.184 -350.704
-283.268 -225.216 -358.156
-258.888 -264.316 -384.652
-252.632 -287.868 -402.776
-267.628 -295.872 -410.228
-239.752 -315.008 -428.076
-259.624 -294.768 -432.124
-261.74 -269.284 -437.46
-279.496 -230.276 -429.088
-284.372 -219.42 -398.452
-259.164 -177.376 -379.684
-231.196 -156.952 -372.232
-203.32 -130.272 -370.852
-191.728 -115.644 -379.776
-177.56 -127.972 -395.324
-177.652 -134.78 -410.872
-197.708 -144.164 -419.612
-203.596 -135.148 -417.68
-211.324 -76.912 -424.028
-207.276 -59.892 -437.552
-229.08 -24.932 -443.072
-192.74 -26.128 -514.648
-252.632 -31.372 -518.696
-277.104 -49.956 -498.916
-323.84 -68.172 -497.536
-367.08 -114.816 -509.128
-352.452 -164.956 -437.736
-309.028 -213.256 -417.68
-248.676 -269.744 -416.668
-229.264 -298.724 -433.964
-222.916 -316.48 -472.42
-244.26 -329.084 -478.584
-241.96 -342.24 -495.696
-242.696 -321.264 -511.06
-275.356 -309.028 -509.864
-301.944 -278.116 -494.224
-324.116 -228.528 -471.132
-315.468 -201.94 -441.232
-296.24 -186.208 -401.58
-269.376 -161.92 -378.672
-221.628 -140.76 -367.172
-178.02 -147.936 -380.144
-160.724 -148.58 -419.52
-165.508 -156.676 -463.772
-199.916 -146.004 -486.588
-242.604 -135.056 -473.708
-245.364 -112.608 -446.476
-244.076 -91.172 -445.648
-261.924 -61.364 -454.02
-162.656 -85.376 -530.38
-235.612 -120.06 -554.576
-276.828 -124.2 -530.288
-310.868 -139.104 -512.624
-306.084 -165.508 -484.564
-296.424 -190.624 -450.8
-229.448 -247.112 -458.068
-180.964 -294.492 -494.316
-178.756 -342.516 -535.072
-199.364 -372.232 -569.756
-223.744 -381.248 -589.996
-245.824 -361.468 -607.2
-276.552 -359.076 -615.756
-337.456 -304.704 -590.18
-351.256 -273.424 -556.232
-367.172 -214.82 -508.484
-349.876 -193.568 -463.312
-333.316 -169.924 -440.956
-299.552 -128.8 -383.364
-203.596 -144.716 -387.044
-151.524 -154.468 -431.02
-128.892 -159.16 -492.108
-168.268 -116.38 -531.3
-214.452 -107.272 -525.964
-248.216 -104.604 -499.376
-253.368 -91.816 -486.496
-255.484 -101.476 -494.316
-303.508 -63.48 -504.528
